0002212212
0011212212
0012112212
0012202212
0012211212
0012212112
0012212202
0012212211
0020212212
0021112212
0021202212
0021211212
0021212112
0021212202
0021212211
0022012212
0022102212
0022111212
0022112112
0022112202
0022112211
0022201212
0022202112
0022202202
0022202211
0022210212
0022211112
0022211202
0022211211
0022212012
0022212102
0022212111
0022212201
0022212210
0101212212
0102112212
0102202212
0102211212
0102212112
0102212202
0102212211
0110212212
0111112212
0111202212
0111211212
0111212112
0111212202
0111212211
0112012212
0112102212
0112111212
0112112112
0112112202
0112112211
0112201212
0112202112
0112202202
0112202211
0112210212
0112211112
0112211202
0112211211
0112212012
0112212102
0112212111
0112212201
0112212210
0120112212
0120202212
0120211212
0120212112
0120212202
0120212211
0121012212
0121102212
0121111212
0121112112
0121112202
0121112211
0121201212
0121202112
0121202202
0121202211
0121210212
0121211112
0121211202
0121211211
0121212012
0121212102
0121212111
0121212201
0121212210
0122002212
0122011212
0122012112
0122012202
0122012211
0122101212
0122102112
0122102202
0122102211
0122110212
0122111112
0122111202
0122111211
0122112012
0122112102
0122112111
0122112201
0122112210
0122200212
0122201112
0122201202
0122201211
0122202012
0122202102
0122202111
0122202201
0122202210
0122210112
0122210202
0122210211
0122211012
0122211102
0122211111
0122211201
0122211210
0122212002
0122212011
0122212101
0122212110
0122212200
0200212212
0201112212
0201202212
0201211212
0201212112
0201212202
0201212211
0202012212
0202102212
0202111212
0202112112
0202112202
0202112211
0202201212
0202202112
0202202202
0202202211
0202210212
0202211112
0202211202
0202211211
0202212012
0202212102
0202212111
0202212201
0202212210
0210112212
0210202212
0210211212
0210212112
0210212202
0210212211
0211012212
0211102212
0211111212
0211112112
0211112202
0211112211
0211201212
0211202112
0211202202
0211202211
0211210212
0211211112
0211211202
0211211211
0211212012
0211212102
0211212111
0211212201
0211212210
0212002212
0212011212
0212012112
0212012202
0212012211
0212101212
0212102112
0212102202
0212102211
0212110212
0212111112
0212111202
0212111211
0212112012
0212112102
0212112111
0212112201
0212112210
0212200212
0212201112
0212201202
0212201211
0212202012
0212202102
0212202111
0212202201
0212202210
0212210112
0212210202
0212210211
0212211012
0212211102
0212211111
0212211201
0212211210
0212212002
0212212011
0212212101
0212212110
0212212200
0220012212
0220102212
0220111212
0220112112
0220112202
0220112211
0220201212
0220202112
0220202202
0220202211
0220210212
0220211112
0220211202
0220211211
0220212012
0220212102
0220212111
0220212201
0220212210
0221002212
0221011212
0221012112
0221012202
0221012211
0221101212
0221102112
0221102202
0221102211
0221110212
0221111112
0221111202
0221111211
0221112012
0221112102
0221112111
0221112201
0221112210
0221200212
0221201112
0221201202
0221201211
0221202012
0221202102
0221202111
0221202201
0221202210
0221210112
0221210202
0221210211
0221211012
0221211102
0221211111
0221211201
0221211210
0221212002
0221212011
0221212101
0221212110
0221212200
0222001212
0222002112
0222002202
0222002211
0222010212
0222011112
0222011202
0222011211
0222012012
0222012102
0222012111
0222012201
0222012210
0222100212
0222101112
0222101202
0222101211
0222102012
0222102102
0222102111
0222102201
0222102210
0222110112
0222110202
0222110211
0222111012
0222111102
0222111111
0222111201
0222111210
0222112002
0222112011
0222112101
0222112110
0222112200
0222200112
0222200202
0222200211
0222201012
0222201102
0222201111
0222201201
0222201210
0222202002
0222202011
0222202101
0222202110
0222202200
0222210012
0222210102
0222210111
0222210201
0222210210
0222211002
0222211011
0222211101
0222211110
0222211200
0222212001
0222212010
0222212100
1001212212
1002112212
1002202212
1002211212
1002212112
1002212202
1002212211
1010212212
1011112212
1011202212
1011211212
1011212112
1011212202
1011212211
1012012212
1012102212
1012111212
1012112112
1012112202
1012112211
1012201212
1012202112
1012202202
1012202211
1012210212
1012211112
1012211202
1012211211
1012212012
1012212102
1012212111
1012212201
1012212210
1020112212
1020202212
1020211212
1020212112
1020212202
1020212211
1021012212
1021102212
1021111212
1021112112
1021112202
1021112211
1021201212
1021202112
1021202202
1021202211
1021210212
1021211112
1021211202
1021211211
1021212012
1021212102
1021212111
1021212201
1021212210
1022002212
1022011212
1022012112
1022012202
1022012211
1022101212
1022102112
1022102202
1022102211
1022110212
1022111112
1022111202
1022111211
1022112012
1022112102
1022112111
1022112201
1022112210
1022200212
1022201112
1022201202
1022201211
1022202012
1022202102
1022202111
1022202201
1022202210
1022210112
1022210202
1022210211
1022211012
1022211102
1022211111
1022211201
1022211210
1022212002
1022212011
1022212101
1022212110
1022212200
1100212212
1101112212
1101202212
1101211212
1101212112
1101212202
1101212211
1102012212
1102102212
1102111212
1102112112
1102112202
1102112211
1102201212
1102202112
1102202202
1102202211
1102210212
1102211112
1102211202
1102211211
1102212012
1102212102
1102212111
1102212201
1102212210
1110112212
1110202212
1110211212
1110212112
1110212202
1110212211
1111012212
1111102212
1111111212
1111112112
1111112202
1111112211
1111201212
1111202112
1111202202
1111202211
1111210212
1111211112
1111211202
1111211211
1111212012
1111212102
1111212111
1111212201
1111212210
1112002212
1112011212
1112012112
1112012202
1112012211
1112101212
1112102112
1112102202
1112102211
1112110212
1112111112
1112111202
1112111211
1112112012
1112112102
1112112111
1112112201
1112112210
1112200212
1112201112
1112201202
1112201211
1112202012
1112202102
1112202111
1112202201
1112202210
1112210112
1112210202
1112210211
1112211012
1112211102
1112211111
1112211201
1112211210
1112212002
1112212011
1112212101
1112212110
1112212200
1120012212
1120102212
1120111212
1120112112
1120112202
1120112211
1120201212
1120202112
1120202202
1120202211
1120210212
1120211112
1120211202
1120211211
1120212012
1120212102
1120212111
1120212201
1120212210
1121002212
1121011212
1121012112
1121012202
1121012211
1121101212
1121102112
1121102202
1121102211
1121110212
1121111112
1121111202
1121111211
1121112012
1121112102
1121112111
1121112201
1121112210
1121200212
1121201112
1121201202
1121201211
1121202012
1121202102
1121202111
1121202201
1121202210
1121210112
1121210202
1121210211
1121211012
1121211102
1121211111
1121211201
1121211210
1121212002
1121212011
1121212101
1121212110
1121212200
1122001212
1122002112
1122002202
1122002211
1122010212
1122011112
1122011202
1122011211
1122012012
1122012102
1122012111
1122012201
1122012210
1122100212
1122101112
1122101202
1122101211
1122102012
1122102102
1122102111
1122102201
1122102210
1122110112
1122110202
1122110211
1122111012
1122111102
1122111111
1122111201
1122111210
1122112002
1122112011
1122112101
1122112110
1122112200
1122200112
1122200202
1122200211
1122201012
1122201102
1122201111
1122201201
1122201210
1122202002
1122202011
1122202101
1122202110
1122202200
1122210012
1122210102
1122210111
1122210201
1122210210
1122211002
1122211011
1122211101
1122211110
1122211200
1122212001
1122212010
1122212100
1200112212
1200202212
1200211212
1200212112
1200212202
1200212211
1201012212
1201102212
1201111212
1201112112
1201112202
1201112211
1201201212
1201202112
1201202202
1201202211
1201210212
1201211112
1201211202
1201211211
1201212012
1201212102
1201212111
1201212201
1201212210
1202002212
1202011212
1202012112
1202012202
1202012211
1202101212
1202102112
1202102202
1202102211
1202110212
1202111112
1202111202
1202111211
1202112012
1202112102
1202112111
1202112201
1202112210
1202200212
1202201112
1202201202
1202201211
1202202012
1202202102
1202202111
1202202201
1202202210
1202210112
1202210202
1202210211
1202211012
1202211102
1202211111
1202211201
1202211210
1202212002
1202212011
1202212101
1202212110
1202212200
1210012212
1210102212
1210111212
1210112112
1210112202
1210112211
1210201212
1210202112
1210202202
1210202211
1210210212
1210211112
1210211202
1210211211
1210212012
1210212102
1210212111
1210212201
1210212210
1211002212
1211011212
1211012112
1211012202
1211012211
1211101212
1211102112
1211102202
1211102211
1211110212
1211111112
1211111202
1211111211
1211112012
1211112102
1211112111
1211112201
1211112210
1211200212
1211201112
1211201202
1211201211
1211202012
1211202102
1211202111
1211202201
1211202210
1211210112
1211210202
1211210211
1211211012
1211211102
1211211111
1211211201
1211211210
1211212002
1211212011
1211212101
1211212110
1211212200
1212001212
1212002112
1212002202
1212002211
1212010212
1212011112
1212011202
1212011211
1212012012
1212012102
1212012111
1212012201
1212012210
1212100212
1212101112
1212101202
1212101211
1212102012
1212102102
1212102111
1212102201
1212102210
1212110112
1212110202
1212110211
1212111012
1212111102
1212111111
1212111201
1212111210
1212112002
1212112011
1212112101
1212112110
1212112200
1212200112
1212200202
1212200211
1212201012
1212201102
1212201111
1212201201
1212201210
1212202002
1212202011
1212202101
1212202110
1212202200
1212210012
1212210102
1212210111
1212210201
1212210210
1212211002
1212211011
1212211101
1212211110
1212211200
1212212001
1212212010
1212212100
1220002212
1220011212
1220012112
1220012202
1220012211
1220101212
1220102112
1220102202
1220102211
1220110212
1220111112
1220111202
1220111211
1220112012
1220112102
1220112111
1220112201
1220112210
1220200212
1220201112
1220201202
1220201211
1220202012
1220202102
1220202111
1220202201
1220202210
1220210112
1220210202
1220210211
1220211012
1220211102
1220211111
1220211201
1220211210
1220212002
1220212011
1220212101
1220212110
1220212200
1221001212
1221002112
1221002202
1221002211
1221010212
1221011112
1221011202
1221011211
1221012012
1221012102
1221012111
1221012201
1221012210
1221100212
1221101112
1221101202
1221101211
1221102012
1221102102
1221102111
1221102201
1221102210
1221110112
1221110202
1221110211
1221111012
1221111102
1221111111
1221111201
1221111210
1221112002
1221112011
1221112101
1221112110
1221112200
1221200112
1221200202
1221200211
1221201012
1221201102
1221201111
1221201201
1221201210
1221202002
1221202011
1221202101
1221202110
1221202200
1221210012
1221210102
1221210111
1221210201
1221210210
1221211002
1221211011
1221211101
1221211110
1221211200
1221212001
1221212010
1221212100
1222000212
1222001112
1222001202
1222001211
1222002012
1222002102
1222002111
1222002201
1222002210
1222010112
1222010202
1222010211
1222011012
1222011102
1222011111
1222011201
1222011210
1222012002
1222012011
1222012101
1222012110
1222012200
1222100112
1222100202
1222100211
1222101012
1222101102
1222101111
1222101201
1222101210
1222102002
1222102011
1222102101
1222102110
1222102200
1222110012
1222110102
1222110111
1222110201
1222110210
1222111002
1222111011
1222111101
1222111110
1222111200
1222112001
1222112010
1222112100
1222200012
1222200102
1222200111
1222200201
1222200210
1222201002
1222201011
1222201101
1222201110
1222201200
1222202001
1222202010
1222202100
1222210002
1222210011
1222210101
1222210110
1222210200
1222211001
1222211010
1222211100
1222212000
2000212212
2001112212
2001202212
2001211212
2001212112
2001212202
2001212211
2002012212
2002102212
2002111212
2002112112
2002112202
2002112211
2002201212
2002202112
2002202202
2002202211
2002210212
2002211112
2002211202
2002211211
2002212012
2002212102
2002212111
2002212201
2002212210
2010112212
2010202212
2010211212
2010212112
2010212202
2010212211
2011012212
2011102212
2011111212
2011112112
2011112202
2011112211
2011201212
2011202112
2011202202
2011202211
2011210212
2011211112
2011211202
2011211211
2011212012
2011212102
2011212111
2011212201
2011212210
2012002212
2012011212
2012012112
2012012202
2012012211
2012101212
2012102112
2012102202
2012102211
2012110212
2012111112
2012111202
2012111211
2012112012
2012112102
2012112111
2012112201
2012112210
2012200212
2012201112
2012201202
2012201211
2012202012
2012202102
2012202111
2012202201
2012202210
2012210112
2012210202
2012210211
2012211012
2012211102
2012211111
2012211201
2012211210
2012212002
2012212011
2012212101
2012212110
2012212200
2020012212
2020102212
2020111212
2020112112
2020112202
2020112211
2020201212
2020202112
2020202202
2020202211
2020210212
2020211112
2020211202
2020211211
2020212012
2020212102
2020212111
2020212201
2020212210
2021002212
2021011212
2021012112
2021012202
2021012211
2021101212
2021102112
2021102202
2021102211
2021110212
2021111112
2021111202
2021111211
2021112012
2021112102
2021112111
2021112201
2021112210
2021200212
2021201112
2021201202
2021201211
2021202012
2021202102
2021202111
2021202201
2021202210
2021210112
2021210202
2021210211
2021211012
2021211102
2021211111
2021211201
2021211210
2021212002
2021212011
2021212101
2021212110
2021212200
2022001212
2022002112
2022002202
2022002211
2022010212
2022011112
2022011202
2022011211
2022012012
2022012102
2022012111
2022012201
2022012210
2022100212
2022101112
2022101202
2022101211
2022102012
2022102102
2022102111
2022102201
2022102210
2022110112
2022110202
2022110211
2022111012
2022111102
2022111111
2022111201
2022111210
2022112002
2022112011
2022112101
2022112110
2022112200
2022200112
2022200202
2022200211
2022201012
2022201102
2022201111
2022201201
2022201210
2022202002
2022202011
2022202101
2022202110
2022202200
2022210012
2022210102
2022210111
2022210201
2022210210
2022211002
2022211011
2022211101
2022211110
2022211200
2022212001
2022212010
2022212100
2100112212
2100202212
2100211212
2100212112
2100212202
2100212211
2101012212
2101102212
2101111212
2101112112
2101112202
2101112211
2101201212
2101202112
2101202202
2101202211
2101210212
2101211112
2101211202
2101211211
2101212012
2101212102
2101212111
2101212201
2101212210
2102002212
2102011212
2102012112
2102012202
2102012211
2102101212
2102102112
2102102202
2102102211
2102110212
2102111112
2102111202
2102111211
2102112012
2102112102
2102112111
2102112201
2102112210
2102200212
2102201112
2102201202
2102201211
2102202012
2102202102
2102202111
2102202201
2102202210
2102210112
2102210202
2102210211
2102211012
2102211102
2102211111
2102211201
2102211210
2102212002
2102212011
2102212101
2102212110
2102212200
2110012212
2110102212
2110111212
2110112112
2110112202
2110112211
2110201212
2110202112
2110202202
2110202211
2110210212
2110211112
2110211202
2110211211
2110212012
2110212102
2110212111
2110212201
2110212210
2111002212
2111011212
2111012112
2111012202
2111012211
2111101212
2111102112
2111102202
2111102211
2111110212
2111111112
2111111202
2111111211
2111112012
2111112102
2111112111
2111112201
2111112210
2111200212
2111201112
2111201202
2111201211
2111202012
2111202102
2111202111
2111202201
2111202210
2111210112
2111210202
2111210211
2111211012
2111211102
2111211111
2111211201
2111211210
2111212002
2111212011
2111212101
2111212110
2111212200
2112001212
2112002112
2112002202
2112002211
2112010212
2112011112
2112011202
2112011211
2112012012
2112012102
2112012111
2112012201
2112012210
2112100212
2112101112
2112101202
2112101211
2112102012
2112102102
2112102111
2112102201
2112102210
2112110112
2112110202
2112110211
2112111012
2112111102
2112111111
2112111201
2112111210
2112112002
2112112011
2112112101
2112112110
2112112200
2112200112
2112200202
2112200211
2112201012
2112201102
2112201111
2112201201
2112201210
2112202002
2112202011
2112202101
2112202110
2112202200
2112210012
2112210102
2112210111
2112210201
2112210210
2112211002
2112211011
2112211101
2112211110
2112211200
2112212001
2112212010
2112212100
2120002212
2120011212
2120012112
2120012202
2120012211
2120101212
2120102112
2120102202
2120102211
2120110212
2120111112
2120111202
2120111211
2120112012
2120112102
2120112111
2120112201
2120112210
2120200212
2120201112
2120201202
2120201211
2120202012
2120202102
2120202111
2120202201
2120202210
2120210112
2120210202
2120210211
2120211012
2120211102
2120211111
2120211201
2120211210
2120212002
2120212011
2120212101
2120212110
2120212200
2121001212
2121002112
2121002202
2121002211
2121010212
2121011112
2121011202
2121011211
2121012012
2121012102
2121012111
2121012201
2121012210
2121100212
2121101112
2121101202
2121101211
2121102012
2121102102
2121102111
2121102201
2121102210
2121110112
2121110202
2121110211
2121111012
2121111102
2121111111
2121111201
2121111210
2121112002
2121112011
2121112101
2121112110
2121112200
2121200112
2121200202
2121200211
2121201012
2121201102
2121201111
2121201201
2121201210
2121202002
2121202011
2121202101
2121202110
2121202200
2121210012
2121210102
2121210111
2121210201
2121210210
2121211002
2121211011
2121211101
2121211110
2121211200
2121212001
2121212010
2121212100
2122000212
2122001112
2122001202
2122001211
2122002012
2122002102
2122002111
2122002201
2122002210
2122010112
2122010202
2122010211
2122011012
2122011102
2122011111
2122011201
2122011210
2122012002
2122012011
2122012101
2122012110
2122012200
2122100112
2122100202
2122100211
2122101012
2122101102
2122101111
2122101201
2122101210
2122102002
2122102011
2122102101
2122102110
2122102200
2122110012
2122110102
2122110111
2122110201
2122110210
2122111002
2122111011
2122111101
2122111110
2122111200
2122112001
2122112010
2122112100
2122200012
2122200102
2122200111
2122200201
2122200210
2122201002
2122201011
2122201101
2122201110
2122201200
2122202001
2122202010
2122202100
2122210002
2122210011
2122210101
2122210110
2122210200
2122211001
2122211010
2122211100
2122212000
2200012212
2200102212
2200111212
2200112112
2200112202
2200112211
2200201212
2200202112
2200202202
2200202211
2200210212
2200211112
2200211202
2200211211
2200212012
2200212102
2200212111
2200212201
2200212210
2201002212
2201011212
2201012112
2201012202
2201012211
2201101212
2201102112
2201102202
2201102211
2201110212
2201111112
2201111202
2201111211
2201112012
2201112102
2201112111
2201112201
2201112210
2201200212
2201201112
2201201202
2201201211
2201202012
2201202102
2201202111
2201202201
2201202210
2201210112
2201210202
2201210211
2201211012
2201211102
2201211111
2201211201
2201211210
2201212002
2201212011
2201212101
2201212110
2201212200
2202001212
2202002112
2202002202
2202002211
2202010212
2202011112
2202011202
2202011211
2202012012
2202012102
2202012111
2202012201
2202012210
2202100212
2202101112
2202101202
2202101211
2202102012
2202102102
2202102111
2202102201
2202102210
2202110112
2202110202
2202110211
2202111012
2202111102
2202111111
2202111201
2202111210
2202112002
2202112011
2202112101
2202112110
2202112200
2202200112
2202200202
2202200211
2202201012
2202201102
2202201111
2202201201
2202201210
2202202002
2202202011
2202202101
2202202110
2202202200
2202210012
2202210102
2202210111
2202210201
2202210210
2202211002
2202211011
2202211101
2202211110
2202211200
2202212001
2202212010
2202212100
2210002212
2210011212
2210012112
2210012202
2210012211
2210101212
2210102112
2210102202
2210102211
2210110212
2210111112
2210111202
2210111211
2210112012
2210112102
2210112111
2210112201
2210112210
2210200212
2210201112
2210201202
2210201211
2210202012
2210202102
2210202111
2210202201
2210202210
2210210112
2210210202
2210210211
2210211012
2210211102
2210211111
2210211201
2210211210
2210212002
2210212011
2210212101
2210212110
2210212200
2211001212
2211002112
2211002202
2211002211
2211010212
2211011112
2211011202
2211011211
2211012012
2211012102
2211012111
2211012201
2211012210
2211100212
2211101112
2211101202
2211101211
2211102012
2211102102
2211102111
2211102201
2211102210
2211110112
2211110202
2211110211
2211111012
2211111102
2211111111
2211111201
2211111210
2211112002
2211112011
2211112101
2211112110
2211112200
2211200112
2211200202
2211200211
2211201012
2211201102
2211201111
2211201201
2211201210
2211202002
2211202011
2211202101
2211202110
2211202200
2211210012
2211210102
2211210111
2211210201
2211210210
2211211002
2211211011
2211211101
2211211110
2211211200
2211212001
2211212010
2211212100
2212000212
2212001112
2212001202
2212001211
2212002012
2212002102
2212002111
2212002201
2212002210
2212010112
2212010202
2212010211
2212011012
2212011102
2212011111
2212011201
2212011210
2212012002
2212012011
2212012101
2212012110
2212012200
2212100112
2212100202
2212100211
2212101012
2212101102
2212101111
2212101201
2212101210
2212102002
2212102011
2212102101
2212102110
2212102200
2212110012
2212110102
2212110111
2212110201
2212110210
2212111002
2212111011
2212111101
2212111110
2212111200
2212112001
2212112010
2212112100
2212200012
2212200102
2212200111
2212200201
2212200210
2212201002
2212201011
2212201101
2212201110
2212201200
2212202001
2212202010
2212202100
2212210002
2212210011
2212210101
2212210110
2212210200
2212211001
2212211010
2212211100
2212212000
2220001212
2220002112
2220002202
2220002211
2220010212
2220011112
2220011202
2220011211
2220012012
2220012102
2220012111
2220012201
2220012210
2220100212
2220101112
2220101202
2220101211
2220102012
2220102102
2220102111
2220102201
2220102210
2220110112
2220110202
2220110211
2220111012
2220111102
2220111111
2220111201
2220111210
2220112002
2220112011
2220112101
2220112110
2220112200
2220200112
2220200202
2220200211
2220201012
2220201102
2220201111
2220201201
2220201210
2220202002
2220202011
2220202101
2220202110
2220202200
2220210012
2220210102
2220210111
2220210201
2220210210
2220211002
2220211011
2220211101
2220211110
2220211200
2220212001
2220212010
2220212100
2221000212
2221001112
2221001202
2221001211
2221002012
2221002102
2221002111
2221002201
2221002210
2221010112
2221010202
2221010211
2221011012
2221011102
2221011111
2221011201
2221011210
2221012002
2221012011
2221012101
2221012110
2221012200
2221100112
2221100202
2221100211
2221101012
2221101102
2221101111
2221101201
2221101210
2221102002
2221102011
2221102101
2221102110
2221102200
2221110012
2221110102
2221110111
2221110201
2221110210
2221111002
2221111011
2221111101
2221111110
2221111200
2221112001
2221112010
2221112100
2221200012
2221200102
2221200111
2221200201
2221200210
2221201002
2221201011
2221201101
2221201110
2221201200
2221202001
2221202010
2221202100
2221210002
2221210011
2221210101
2221210110
2221210200
2221211001
2221211010
2221211100
2221212000
2222000112
2222000202
2222000211
2222001012
2222001102
2222001111
2222001201
2222001210
2222002002
2222002011
2222002101
2222002110
2222002200
2222010012
2222010102
2222010111
2222010201
2222010210
2222011002
2222011011
2222011101
2222011110
2222011200
2222012001
2222012010
2222012100
2222100012
2222100102
2222100111
2222100201
2222100210
2222101002
2222101011
2222101101
2222101110
2222101200
2222102001
2222102010
2222102100
2222110002
2222110011
2222110101
2222110110
2222110200
2222111001
2222111010
2222111100
2222112000
2222200002
2222200011
2222200101
2222200110
2222200200
2222201001
2222201010
2222201100
2222202000
2222210001
2222210010
2222210100
2222211000
